#VERSION,1.80
#ENGAGEVERSION,1.80
SETTINGS
AppVersion,1.3.7291.22347
CalibrationFile,Device
CalibrationScore,1.05
AutoFocus,false
FocalDistance,0.91372549533844
ThresholdMode,Manual
UncorrectedVerticalVectorX,-0.083727266727587
UncorrectedVerticalVectorY,0.363102039142418
UncorrectedVerticalVectorZ,0.927979878002182
CorrectionVectorX,-0.00894499580247803
CorrectionVectorY,0.000571236530039515
CorrectionVectorZ,0.999959829562628
VerticalVectorX,-0.0754222132225988
VerticalVectorY,0.362571669978392
VerticalVectorZ,0.928898957842932
UseNewStyleMarkers,1
GFMarkerID,100
StepMarkerID,101
END_SETTINGS
11
0
8
30
29
170
169
121
122
123
124
8
-0.0862309577796442
0.909103027717703
0.407548655886519
0
-0.982542238026994
-0.00991426585885387
-0.185775288521876
0
-0.164848331545488
-0.416453349520665
0.894087040091561
0
-122.7297432091
116.005033102814
-751.071422978704
1
-0.0862309577796442
0.909103027717703
0.407548655886519
0
-0.982542238026994
-0.00991426585885387
-0.185775288521876
0
-0.164848331545488
-0.416453349520665
0.894087040091561
0
-115.40011179783
38.7312757468093
-785.713058729058
1
0.208506256500207
-0.901708565153556
-0.378743718798061
0
0.964172764692736
0.124577946324366
0.234203362730704
0
-0.164000063490925
-0.414007244886274
0.895378121441802
0
-80.7754133353987
-198.961018039735
-892.911060003447
1
0.208506256500207
-0.901708565153556
-0.378743718798061
0
0.964172764692736
0.124577946324366
0.234203362730704
0
-0.164000063490925
-0.414007244886274
0.895378121441802
0
-98.4984451379163
-122.315790001682
-860.717843905612
1
-0.978841395298979
-0.0440017315700414
-0.199833356744869
0
0.121833687060051
-0.909952747837655
-0.396412095426095
0
-0.16439609346543
-0.412371003250141
0.896060310543766
0
180.683427309407
-140.526806001077
-817.706612058379
1
-0.978841395298979
-0.0440017315700414
-0.199833356744869
0
0.121833687060051
-0.909952747837655
-0.396412095426095
0
-0.16439609346543
-0.412371003250141
0.896060310543766
0
73.0108738265196
-145.366996473781
-839.688281300315
1
-0.978841395298979
-0.0440017315700414
-0.199833356744869
0
0.121833687060051
-0.909952747837655
-0.396412095426095
0
-0.16439609346543
-0.412371003250141
0.896060310543766
0
157.535026767997
32.3642160880776
-742.388313927421
1
-0.978841395298979
-0.0440017315700414
-0.199833356744869
0
0.121833687060051
-0.909952747837655
-0.396412095426095
0
-0.16439609346543
-0.412371003250141
0.896060310543766
0
49.8624732851098
27.524025615373
-764.369983169356
1
8
4
1010.25408935547
911.647705078125
956.542419433594
609.866516113281
1261.32482910156
594.423706054688
1303.74475097656
902.722412109375
4
1062.92065429688
1205.96276855469
1014.04510498047
930.08837890625
1306.044921875
921.41357421875
1343.78247070313
1202.79113769531
4
1442.15771484375
1749.33544921875
1502.33801269531
1966.94897460938
1257.02490234375
1983.50659179688
1189.55639648438
1771.10400390625
4
1372.77661132813
1499.11767578125
1438.01342773438
1734.39172363281
1184.84252929688
1756.56469726563
1112.53674316406
1527.28198242188
4
2415.0751953125
1837.02416992188
2126.75732421875
1838.3046875
2111.44946289063
1599.45764160156
2410.93701171875
1593.71704101563
4
2019.73779296875
1837.99096679688
1746.17004394531
1838.96862792969
1716.28588867188
1606.541015625
2000.20251464844
1601.64282226563
4
2404.5869140625
1221.58862304688
2088.001953125
1234.58447265625
2069.51391601563
944.699584960938
2399.73999023438
924.803527832031
4
1971.06762695313
1239.56359863281
1671.50891113281
1251.76171875
1636.14526367188
970.301208496094
1947.57006835938
951.896423339844
1
8
30
29
170
169
121
122
123
124
8
-0.0956324783003939
0.764655928415845
0.63730349146433
0
-0.993741743424896
-0.0362133517836083
-0.105669014036483
0
-0.0577215425035328
-0.6434204723904
0.763333688002781
0
-164.683327756622
206.556511096464
-705.584429402995
1
-0.0956324783003939
0.764655928415845
0.63730349146433
0
-0.993741743424896
-0.0362133517836083
-0.105669014036483
0
-0.0577215425035328
-0.6434204723904
0.763333688002781
0
-156.554567101088
141.560757181117
-759.755226177463
1
0.221813515067045
-0.757055794533501
-0.614544781522756
0
0.973188683884828
0.13255037389634
0.187973891640454
0
-0.060848583320532
-0.639763176764021
0.766159596666839
0
-118.802301067305
-58.3160117433329
-927.285352124275
1
0.221813515067045
-0.757055794533501
-0.614544781522756
0
0.973188683884828
0.13255037389634
0.187973891640454
0
-0.060848583320532
-0.639763176764021
0.766159596666839
0
-137.656449848004
6.03373079201467
-875.049045694841
1
-0.988933085231085
-0.0646309883865424
-0.133544705157092
0
0.134880313736388
-0.76657724246891
-0.627826912687839
0
-0.0617952579229616
-0.638891357484911
0.766811045453391
0
145.148186221058
-1.44225415863049
-858.788524473576
1
-0.988933085231085
-0.0646309883865424
-0.133544705157092
0
0.134880313736388
-0.76657724246891
-0.627826912687839
0
-0.0617952579229616
-0.638891357484911
0.766811045453391
0
36.365546845639
-8.55166288115015
-873.478442040856
1
-0.988933085231085
-0.0646309883865424
-0.133544705157092
0
0.134880313736388
-0.76657724246891
-0.627826912687839
0
-0.0617952579229616
-0.638891357484911
0.766811045453391
0
119.520926611145
144.207421910462
-739.501411062886
1
-0.988933085231085
-0.0646309883865424
-0.133544705157092
0
0.134880313736388
-0.76657724246891
-0.627826912687839
0
-0.0617952579229616
-0.638891357484911
0.766811045453391
0
10.7382872357253
137.098013187943
-754.191328630166
1
8
4
809.403930664063
513.696533203125
716.930419921875
197.741790771484
1052.22387695313
174.206176757813
1122.47692871094
492.700347900391
4
895.240417480469
804.536254882813
815.243835449219
533.0517578125
1126.48364257813
513.104675292969
1187.54748535156
789.119934082031
4
1321.43579101563
1288.69018554688
1391.90454101563
1472.88024902344
1156.49291992188
1500.95874023438
1074.43640136719
1321.74267578125
4
1237.51550292969
1067.2109375
1316.48754882813
1275.33581542969
1068.47595214844
1308.75561523438
976.69921875
1106.63830566406
4
2250.1259765625
1310.94799804688
1982.34777832031
1327.61279296875
1966.48657226563
1120.92529296875
2251.33642578125
1100.67651367188
4
1881.20031738281
1333.69836425781
1620.73999023438
1349.15051269531
1584.02893066406
1147.05627441406
1859.58874511719
1128.41943359375
4
2251.26733398438
761.366027832031
1940.74609375
787.28662109375
1919.99194335938
508.56494140625
2251.791015625
477.358612060547
4
1824.31213378906
796.882385253906
1524.88195800781
821.488830566406
1476.12536621094
550.384826660156
1795.49475097656
520.299865722656
2
2
170
169
2
-0.372672306081038
-0.888269666573917
0.268500189431786
0
0.916392177089002
-0.306733299812477
0.257177099595255
0
-0.146084667403237
0.3418942559196
0.928314379786755
0
-140.434108777945
-122.783039880792
-828.636003653202
1
-0.372672306081038
-0.888269666573917
0.268500189431786
0
0.916392177089002
-0.306733299812477
0.257177099595255
0
-0.146084667403237
0.3418942559196
0.928314379786755
0
-108.756962761057
-47.2801182220089
-851.458519754904
1
2
4
1297.4462890625
1568.13537597656
1180.85998535156
1835.51147460938
929.764038085938
1731.84155273438
1050.46105957031
1474.86071777344
4
1414.80688476563
1295.63879394531
1305.38208007813
1549.37683105469
1059.67358398438
1455.87768554688
1173.02172851563
1211.46618652344
3
8
30
29
170
169
121
122
123
124
8
0.655586846172141
0.693136890787672
-0.299611644892629
0
-0.754167801803525
0.58109815751414
-0.305869021080114
0
-0.0379053274428543
0.426481162495085
0.903701833675406
0
72.0305032931814
230.901407803809
-921.130119741447
1
0.655586846172141
0.693136890787672
-0.299611644892629
0
-0.754167801803525
0.58109815751414
-0.305869021080114
0
-0.0379053274428543
0.426481162495085
0.903701833675406
0
16.3056213685494
171.984772086857
-895.663129925574
1
-0.555521148880008
-0.760028413189588
0.337272981858242
0
0.830513944787294
-0.487394160613595
0.269617357960536
0
-0.0405319708486741
0.429888059085491
0.901971959649984
0
-145.566748194445
-16.0494676692885
-816.915820696577
1
-0.555521148880008
-0.760028413189588
0.337272981858242
0
0.830513944787294
-0.487394160613595
0.269617357960536
0
-0.0405319708486741
0.429888059085491
0.901971959649984
0
-98.3474505396439
48.5529474518265
-845.584024154528
1
-0.776495784097265
0.553778155464875
-0.300639404950672
0
-0.628445324876885
-0.715387870053502
0.305412293499626
0
-0.0459431270112938
0.426086786828953
0.903514957911712
0
99.20018055631
-130.953872970374
-752.405446515728
1
-0.776495784097265
0.553778155464875
-0.300639404950672
0
-0.628445324876885
-0.715387870053502
0.305412293499626
0
-0.0459431270112938
0.426086786828953
0.903514957911712
0
13.7856443056108
-70.038275869238
-785.475781060302
1
-0.776495784097265
0.553778155464875
-0.300639404950672
0
-0.628445324876885
-0.715387870053502
0.305412293499626
0
-0.0459431270112938
0.426086786828953
0.903514957911712
0
218.604792282918
4.96982233979108
-810.433782280657
1
-0.776495784097265
0.553778155464875
-0.300639404950672
0
-0.628445324876885
-0.715387870053502
0.305412293499626
0
-0.0459431270112938
0.426086786828953
0.903514957911712
0
133.190256032219
65.8854194409273
-843.504116825231
1
8
4
1663.55151367188
489.08642578125
1825.54602050781
334.805419921875
2024.06115722656
460.026733398438
1863.2958984375
622.070739746094
4
1481.58435058594
662.286499023438
1653.16333007813
499.335235595703
1852.79162597656
632.813537597656
1681.66589355469
804.01416015625
4
1289.20263671875
1231.92309570313
1113.587890625
1457.943359375
886.158386230469
1310.68347167969
1064.87646484375
1094.7392578125
4
1464.74951171875
1006.50360107422
1299.95239257813
1217.88500976563
1075.95629882813
1081.28063964844
1243.1904296875
879.781005859375
4
2039.64599609375
1946.17541503906
1783.04187011719
1751.28576660156
1967.53625488281
1518.76745605469
2220.75415039063
1700.95239257813
4
1689.12536621094
1679.94506835938
1453.51013183594
1500.49353027344
1641.01257324219
1284.11535644531
1874.79406738281
1452.10681152344
4
2455.05078125
1384.36169433594
2205.12768554688
1218.40893554688
2364.69946289063
1016.91363525391
2611.60327148438
1171.84143066406
4
2113.87182617188
1157.86218261719
1883.17248535156
1004.71868896484
2045.83581542969
817.242004394531
2274.55590820313
960.306030273438
4
8
30
29
170
169
121
122
123
124
8
0.654445936333619
0.695096670303715
-0.297558625062535
0
-0.755485139493963
0.585160280417004
-0.294668712669121
0
-0.030703752536901
0.417645860933962
0.908090972548942
0
64.950261677508
237.782289171484
-915.790231734295
1
0.654445936333619
0.695096670303715
-0.297558625062535
0
-0.755485139493963
0.585160280417004
-0.294668712669121
0
-0.030703752536901
0.417645860933962
0.908090972548942
0
9.32235708915037
178.699072195668
-890.497748603979
1
-0.553689209560388
-0.762336435987731
0.335069272810736
0
0.832110309110961
-0.491077129958715
0.257751209313896
0
-0.0319482814506342
0.421528659520371
0.906252115316323
0
-152.120473852381
-9.97419939518061
-811.757336458947
1
-0.553689209560388
-0.762336435987731
0.335069272810736
0
0.832110309110961
-0.491077129958715
0.257751209313896
0
-0.0319482814506342
0.421528659520371
0.906252115316323
0
-105.056891039748
54.8243976637765
-840.23822464786
1
-0.77826961523964
0.557629696258711
-0.288696255336228
0
-0.626800828750562
-0.717457309256672
0.303933760006658
0
-0.0376447482707271
0.41749746256065
0.907897979776942
0
93.0173422974179
-125.799475649349
-750.658124909109
1
-0.77826961523964
0.557629696258711
-0.288696255336228
0
-0.626800828750562
-0.717457309256672
0.303933760006658
0
-0.0376447482707271
0.41749746256065
0.907897979776942
0
7.4076846210575
-64.4602090608912
-782.414712996094
1
-0.77826961523964
0.557629696258711
-0.288696255336228
0
-0.626800828750562
-0.717457309256672
0.303933760006658
0
-0.0376447482707271
0.41749746256065
0.907897979776942
0
212.109499760025
10.5174131094182
-808.405539310374
1
-0.77826961523964
0.557629696258711
-0.288696255336228
0
-0.626800828750562
-0.717457309256672
0.303933760006658
0
-0.0376447482707271
0.41749746256065
0.907897979776942
0
126.499842083664
71.8566796978764
-840.162127397359
1
8
4
1641.32495117188
462.325958251953
1804.48059082031
307.215423583984
2003.70666503906
434.219635009766
1841.69116210938
597.100036621094
4
1457.78918457031
636.533447265625
1630.59741210938
472.574554443359
1831.03918457031
607.849975585938
1658.81433105469
780.021850585938
4
1263.55981445313
1210.19750976563
1086.71484375
1437.58251953125
857.341491699219
1289.05993652344
1037.52673339844
1071.62915039063
4
1440.38488769531
983.642761230469
1274.39038085938
1196.12451171875
1048.62329101563
1058.13671875
1217.388671875
855.283325195313
4
2015.95654296875
1927.15673828125
1759.25354003906
1732.45275878906
1944.58349609375
1499.30065917969
2197.56176757813
1681.86010742188
4
1665.09790039063
1660.85302734375
1428.64526367188
1480.51281738281
1617.212890625
1263.15625
1851.62976074219
1432.23034667969
4
2432.69262695313
1364.6728515625
2183.21997070313
1197.92443847656
2343.59252929688
995.880615234375
2589.97192382813
1151.85681152344
4
2092.01928710938
1136.93041992188
1860.95397949219
982.549072265625
2024.59594726563
794.256530761719
2253.38720703125
938.833312988281
5
8
30
29
170
169
121
122
123
124
8
0.100614817510304
0.992105936030608
0.074849650568215
0
-0.866116439929001
0.124362404457922
-0.484124265909243
0
-0.4896110405025
-0.0161184382132877
0.871791961976952
0
0.600069655954308
180.876303383039
-846.43162231974
1
0.100614817510304
0.992105936030608
0.074849650568215
0
-0.866116439929001
0.124362404457922
-0.484124265909243
0
-0.4896110405025
-0.0161184382132877
0.871791961976952
0
-7.95218983242154
96.5472988204374
-852.793842618039
1
0.0107953369799705
-0.999858564416607
-0.012896195631117
0
0.8730114282904
0.0031355546547866
0.4876896701506
0
-0.487580256751438
-0.0165233004977213
0.872921802778955
0
-22.9428362757453
-164.591985439382
-871.586255156931
1
0.0107953369799705
-0.999858564416607
-0.012896195631117
0
0.8730114282904
0.0031355546547866
0.4876896701506
0
-0.487580256751438
-0.0165233004977213
0.872921802778955
0
-23.8604399190428
-79.60400746397
-870.490078528286
1
-0.869320892647461
0.0865079905694883
-0.486618488318923
0
-0.0692918133570159
-0.996171198870167
-0.0533065394080303
0
-0.489366764508798
-0.0126218109533248
0.871986731368329
0
218.153545288253
-136.618761782374
-733.543060388813
1
-0.869320892647461
0.0865079905694883
-0.486618488318923
0
-0.0692918133570159
-0.996171198870167
-0.0533065394080303
0
-0.489366764508798
-0.0126218109533248
0.871986731368329
0
122.528247097032
-127.10288281973
-787.071094103894
1
-0.869320892647461
0.0865079905694883
-0.486618488318923
0
-0.0692918133570159
-0.996171198870167
-0.0533065394080303
0
-0.489366764508798
-0.0126218109533248
0.871986731368329
0
231.318989826086
52.6537660029578
-723.414817901287
1
-0.869320892647461
0.0865079905694883
-0.486618488318923
0
-0.0692918133570159
-0.996171198870167
-0.0533065394080303
0
-0.489366764508798
-0.0126218109533248
0.871986731368329
0
135.693691634865
62.1696449656015
-776.942851616368
1
8
4
1484.32836914063
717.400451660156
1511.14892578125
442.679992675781
1753.48120117188
442.687377929688
1724.56872558594
729.445373535156
4
1456.22058105469
1005.01123046875
1482.91979980469
735.026916503906
1722.314453125
747.713745117188
1693.39575195313
1030.17443847656
4
1653.28112792969
1644.14721679688
1656.08825683594
1919.17956542969
1424.17810058594
1889.32666015625
1420.37585449219
1626.203125
4
1650.79431152344
1349.53527832031
1652.98803710938
1626.32397460938
1420.341796875
1609.06213378906
1417.23803710938
1344.54296875
4
2642.0078125
1951.6982421875
2318.7587890625
1887.69055175781
2344.39697265625
1580.82336425781
2670.90893554688
1628.58996582031
4
2204.18676757813
1864.84399414063
1923.79675292969
1808.78833007813
1945.16235351563
1521.89123535156
2228.3955078125
1563.72290039063
4
2712.02905273438
1172.93225097656
2380.95556640625
1147.95812988281
2407.91650390625
831.397644042969
2741.1728515625
840.329956054688
4
2262.86889648438
1139.14868164063
1975.94616699219
1117.25939941406
1998.43676757813
821.181640625
2288.37182617188
828.280883789063
6
8
30
29
170
169
121
122
123
124
8
0.0841823227789923
0.99250875673524
0.0885421048733877
0
-0.892315997190042
0.1146346384332
-0.436613170701513
0
-0.443492387405508
-0.0422524257377655
0.89528165112027
0
-54.064903943077
191.71364116371
-826.930551936674
1
0.0841823227789923
0.99250875673524
0.0885421048733877
0
-0.892315997190042
0.1146346384332
-0.436613170701513
0
-0.443492387405508
-0.0422524257377655
0.89528165112027
0
-61.2204013792914
107.350396841215
-834.456630850911
1
0.0291443072175297
-0.999109077391301
-0.0305231196163655
0
0.894924140146193
0.0124784130790389
0.446043801201882
0
-0.445265530599889
-0.0403155141519543
0.894490506701028
0
-72.0335409013312
-153.640620170098
-855.357112959238
1
0.0291443072175297
-0.999109077391301
-0.0305231196163655
0
0.894924140146193
0.0124784130790389
0.446043801201882
0
-0.445265530599889
-0.0403155141519543
0.894490506701028
0
-74.5108070148212
-68.7163485918373
-852.762647791847
1
-0.89306364089154
0.0771361145253976
-0.443268939981952
0
-0.0516418558140142
-0.996256841986297
-0.0693211621668469
0
-0.446956879400152
-0.0390169787906881
0.893704214672276
0
174.946069379301
-123.413711341522
-729.589548932426
1
-0.89306364089154
0.0771361145253976
-0.443268939981952
0
-0.0516418558140142
-0.996256841986297
-0.0693211621668469
0
-0.446956879400152
-0.0390169787906881
0.893704214672276
0
76.709068881232
-114.928738743728
-778.34913233044
1
-0.89306364089154
0.0771361145253976
-0.443268939981952
0
-0.0516418558140142
-0.996256841986297
-0.0693211621668469
0
-0.446956879400152
-0.0390169787906881
0.893704214672276
0
184.758021983964
65.8750886358748
-716.418528120725
1
-0.89306364089154
0.0771361145253976
-0.443268939981952
0
-0.0516418558140142
-0.996256841986297
-0.0693211621668469
0
-0.446956879400152
-0.0390169787906881
0.893704214672276
0
86.5210214858947
74.3600612336685
-765.17811151874
1
8
4
1290.07983398438
668.834106445313
1310.64367675781
386.250640869141
1558.46643066406
384.139221191406
1534.81677246094
678.777587890625
4
1268.00085449219
964.452026367188
1288.69714355469
686.837646484375
1533.32153320313
697.303100585938
1509.56005859375
986.649841308594
4
1481.58764648438
1612.24548339844
1490.2607421875
1891.04431152344
1254.19604492188
1866.93823242188
1245.15551757813
1599.14392089844
4
1472.59130859375
1312.53344726563
1481.2060546875
1594.24816894531
1244.43859863281
1581.68627929688
1235.845703125
1312.33044433594
4
2473.02514648438
1897.56518554688
2152.93725585938
1842.119140625
2173.197265625
1532.95922851563
2497.01831054688
1573.81555175781
4
2038.791015625
1822.04382324219
1757.37963867188
1772.53100585938
1773.51403808594
1482.33227539063
2057.68359375
1518.27319335938
4
2530.48901367188
1115.83666992188
2202.06323242188
1095.80310058594
2223.283203125
775.011596679688
2554.29418945313
780.006225585938
4
2084.962890625
1088.64050292969
1796.75793457031
1070.74255371094
1813.38623046875
769.3466796875
2104.4873046875
773.072937011719
7
8
30
29
170
169
121
122
123
124
8
0.0863106419517309
0.99220331383229
0.0899058235383185
0
-0.887820083267054
0.117546155049183
-0.44492516357342
0
-0.452024305578383
-0.0414184192514813
0.891043512805682
0
-47.3195153119718
191.086692124697
-828.686593182937
1
0.0863106419517309
0.99220331383229
0.0899058235383185
0
-0.887820083267054
0.117546155049183
-0.44492516357342
0
-0.452024305578383
-0.0414184192514813
0.891043512805682
0
-54.6559198778689
106.749410448952
-836.328588183694
1
0.0271267786746009
-0.999208995312059
-0.0290778535350269
0
0.891942204279363
0.0110606673916631
0.4520141213083
0
-0.451334955552912
-0.0381974518042456
0.89153671409074
0
-65.9692204999782
-154.069200836291
-858.012135459502
1
0.0271267786746009
-0.999208995312059
-0.0290778535350269
0
0.891942204279363
0.0110606673916631
0.4520141213083
0
-0.451334955552912
-0.0381974518042456
0.89153671409074
0
-68.2749966873192
-69.1364362347663
-855.540517909025
1
-0.889714323774769
0.0787974572588869
-0.449665856830203
0
-0.0534819524896336
-0.996199368788501
-0.0687495336990853
0
-0.453374131182397
-0.0371184368941262
0.890547089612443
0
180.180969117033
-124.280687056526
-730.65890575083
1
-0.889714323774769
0.0787974572588869
-0.449665856830203
0
-0.0534819524896336
-0.996199368788501
-0.0687495336990853
0
-0.453374131182397
-0.0371184368941262
0.890547089612443
0
82.3123935018087
-115.612966758049
-780.122150002152
1
-0.889714323774769
0.0787974572588869
-0.449665856830203
0
-0.0534819524896336
-0.996199368788501
-0.0687495336990853
0
-0.453374131182397
-0.0371184368941262
0.890547089612443
0
190.342540090064
64.9971930132889
-717.596494348004
1
-0.889714323774769
0.0787974572588869
-0.449665856830203
0
-0.0534819524896336
-0.996199368788501
-0.0687495336990853
0
-0.453374131182397
-0.0371184368941262
0.890547089612443
0
92.4739644748391
73.6649133117665
-767.059738599326
1
8
4
1314.43420410156
672.458801269531
1336.0458984375
389.821655273438
1582.8857421875
387.960021972656
1558.33288574219
683.02587890625
4
1291.76135253906
966.550048828125
1313.15356445313
690.025695800781
1556.86193847656
700.797424316406
1532.3720703125
989.182861328125
4
1503.21350097656
1612.75329589844
1511.04064941406
1890.91442871094
1275.923828125
1865.96435546875
1267.45861816406
1599.12609863281
4
1495.00598144531
1313.84020996094
1502.689453125
1594.75219726563
1266.91870117188
1581.81982421875
1258.76940917969
1313.18762207031
4
2492.90966796875
1900.69311523438
2172.8037109375
1844.13037109375
2193.60400390625
1535.54479980469
2517.28051757813
1577.2314453125
4
2058.7490234375
1823.82922363281
1778.03515625
1773.50073242188
1794.51782226563
1483.93627929688
2078.32055664063
1520.55102539063
4
2551.892578125
1119.83764648438
2223.41162109375
1099.18798828125
2245.42529296875
778.881530761719
2576.21533203125
784.965881347656
4
2106.42846679688
1091.84643554688
1818.71862792969
1073.48303222656
1836.05725097656
772.784362792969
2126.818359375
777.118286132813
8
8
30
29
170
169
121
122
123
124
8
0.0911692662350062
0.991493570783879
0.0928906022609286
0
-0.889163255891982
0.123051202839285
-0.44073473411041
0
-0.448415955632281
-0.0424134480349723
0.89281813946636
0
-45.0843299485369
195.884362914022
-829.339813459338
1
0.0911692662350062
0.991493570783879
0.0928906022609286
0
-0.889163255891982
0.123051202839285
-0.44073473411041
0
-0.448415955632281
-0.0424134480349723
0.89281813946636
0
-52.8337175785124
111.607409397392
-837.235514651517
1
0.0216586005566727
-0.999146516190091
-0.0351730608153063
0
0.891793080367171
0.00340452433411665
0.45243066985264
0
-0.451924780059339
-0.0411661074084049
0.891105686643935
0
-65.4956210942755
-149.110183085693
-859.139218177065
1
0.0216586005566727
-0.999146516190091
-0.0351730608153063
0
0.891793080367171
0.00340452433411665
0.45243066985264
0
-0.451924780059339
-0.0411661074084049
0.891105686643935
0
-67.3366021415927
-64.1827292095349
-856.149508007764
1
-0.888947766274212
0.0854654740365785
-0.449963911423196
0
-0.0588610622346181
-0.995606786872802
-0.0728182757679156
0
-0.454210572516969
-0.0382462897946235
0.890073017864715
0
180.730731105272
-121.212803425385
-731.713947747527
1
-0.888947766274212
0.0854654740365785
-0.449963911423196
0
-0.0588610622346181
-0.995606786872802
-0.0728182757679156
0
-0.454210572516969
-0.0382462897946235
0.890073017864715
0
82.9464768151082
-111.811601281361
-781.209978004079
1
-0.888947766274212
0.0854654740365785
-0.449963911423196
0
-0.0588610622346181
-0.995606786872802
-0.0728182757679156
0
-0.454210572516969
-0.0382462897946235
0.890073017864715
0
191.914332929849
67.952486080448
-717.878475351623
1
-0.888947766274212
0.0854654740365785
-0.449963911423196
0
-0.0588610622346181
-0.995606786872802
-0.0728182757679156
0
-0.454210572516969
-0.0382462897946235
0.890073017864715
0
94.1300786396856
77.3536882244716
-767.374505608175
1
8
4
1321.56970214844
655.338256835938
1344.19116210938
372.938781738281
1591.97705078125
372.100372314453
1566.45080566406
666.8935546875
4
1297.5244140625
949.264831542969
1320.33325195313
672.740417480469
1564.17785644531
684.717895507813
1538.26208496094
972.988098144531
4
1505.703125
1595.99182128906
1512.14086914063
1873.45263671875
1277.26965332031
1847.34204101563
1270.18115234375
1581.14367675781
4
1499.01306152344
1297.63098144531
1505.32885742188
1578.01501464844
1269.70373535156
1563.81323242188
1262.93200683594
1295.13256835938
4
2492.6005859375
1887.8701171875
2173.22192382813
1829.97839355469
2196.19409179688
1522.11804199219
2519.19799804688
1565.30151367188
4
2059.54736328125
1809.08898925781
1779.31530761719
1757.50219726563
1797.6953125
1468.68286132813
2080.82739257813
1506.65100097656
4
2556.98901367188
1108.52160644531
2228.62841796875
1086.34838867188
2252.69409179688
766.201965332031
2583.43530273438
773.59375
4
2111.57275390625
1078.52746582031
1824.08837890625
1058.703125
1843.05822753906
758.320617675781
2134.05615234375
763.555908203125
9
8
30
29
170
169
121
122
123
124
8
0.0960240562206569
0.990645133650739
0.0969618471412742
0
-0.88490969704355
0.129563381271975
-0.447379210862179
0
-0.455756742907133
-0.0428433122827845
0.889072686503934
0
-40.1129625270388
199.77711653813
-829.824936032742
1
0.0960240562206569
0.990645133650739
0.0969618471412742
0
-0.88490969704355
0.129563381271975
-0.447379210862179
0
-0.455756742907133
-0.0428433122827845
0.889072686503934
0
-48.2750073057947
115.572280177817
-838.06669303975
1
0.0166926765068104
-0.99920256713934
-0.0362709852799859
0
0.8896714294016
-0.00171163024486895
0.456598092449451
0
-0.456296068641821
-0.039891103570927
0.888933404478599
0
-62.157802651206
-145.018364247155
-861.079758381462
1
0.0166926765068104
-0.99920256713934
-0.0362709852799859
0
0.8896714294016
-0.00171163024486895
0.456598092449451
0
-0.456296068641821
-0.039891103570927
0.888933404478599
0
-63.5766801542849
-60.0861460403108
-857.996724632663
1
-0.886242609285518
0.0908759841400558
-0.454219762882446
0
-0.0635072219105882
-0.995144996738067
-0.075188218709101
0
-0.458847327822107
-0.0377887678590769
0.887711179818212
0
183.575745383232
-118.60795223316
-732.491642988803
1
-0.886242609285518
0.0908759841400558
-0.454219762882446
0
-0.0635072219105882
-0.995144996738067
-0.075188218709101
0
-0.458847327822107
-0.0377887678590769
0.887711179818212
0
86.0890583618253
-108.611593977754
-782.455816905872
1
-0.886242609285518
0.0908759841400558
-0.454219762882446
0
-0.0635072219105882
-0.995144996738067
-0.075188218709101
0
-0.458847327822107
-0.0377887678590769
0.887711179818212
0
195.642117546244
70.4695971470723
-718.205881434074
1
-0.886242609285518
0.0908759841400558
-0.454219762882446
0
-0.0635072219105882
-0.995144996738067
-0.075188218709101
0
-0.458847327822107
-0.0377887678590769
0.887711179818212
0
98.1554305248371
80.4659554024784
-768.170055351143
1
8
4
1338.7958984375
641.204711914063
1363.37536621094
358.975189208984
1610.13403320313
359.219604492188
1582.66955566406
653.788330078125
4
1313.56030273438
935.205017089844
1337.5380859375
659.076965332031
1580.89440917969
671.788452148438
1553.60754394531
959.766723632813
4
1518.04772949219
1581.60705566406
1522.96936035156
1858.48815917969
1288.97814941406
1831.38293457031
1283.10998535156
1565.8544921875
4
1512.93579101563
1283.65368652344
1517.6630859375
1563.70971679688
1282.66125488281
1548.53564453125
1277.34240722656
1280.57141113281
4
2502.09350585938
1877.19189453125
2183.27294921875
1818.09387207031
2207.85986328125
1510.71545410156
2530.65087890625
1555.23547363281
4
2069.82934570313
1796.67736816406
1790.21325683594
1744.04858398438
1810.13513183594
1455.70471191406
2092.77514648438
1494.85998535156
4
2570.88818359375
1098.80322265625
2242.7548828125
1075.58374023438
2268.50244140625
755.472534179688
2599.43530273438
764.069580078125
4
2125.82763671875
1067.1796875
1838.57373046875
1046.50988769531
1859.0615234375
746.173889160156
2149.79809570313
752.492309570313
10
8
30
29
170
169
121
122
123
124
8
0.098505396255343
0.991313586381904
0.0871439060590444
0
-0.887725411432624
0.127109135198985
-0.442478091712738
0
-0.449711330528205
-0.0337733801016372
0.892535197060072
0
-43.3647897124374
194.799361172059
-830.642439117353
1
0.098505396255343
0.991313586381904
0.0871439060590444
0
-0.887725411432624
0.127109135198985
-0.442478091712738
0
-0.449711330528205
-0.0337733801016372
0.892535197060072
0
-51.7377483941416
110.537706329597
-838.049671132372
1
0.0146330465902337
-0.999423565116747
-0.0306335018740741
0
0.891564054136189
-0.000827903880883038
0.452893863887892
0
-0.452658161661714
-0.0339389461334637
0.891038010758452
0
-66.2923575432256
-150.108850109212
-859.148241571492
1
0.0146330465902337
-0.999423565116747
-0.0306335018740741
0
0.891564054136189
-0.000827903880883038
0.452893863887892
0
-0.452658161661714
-0.0339389461334637
0.891038010758452
0
-67.5361665033954
-65.1578470742889
-856.544393912195
1
-0.888379885888656
0.0899290765198952
-0.450215436812556
0
-0.0659718286521195
-0.995456342305675
-0.0686614039179256
0
-0.454344468625124
-0.0312958745240147
0.890276177412141
0
180.120051313599
-123.462118957977
-731.996980392372
1
-0.888379885888656
0.0899290765198952
-0.450215436812556
0
-0.0659718286521195
-0.995456342305675
-0.0686614039179256
0
-0.454344468625124
-0.0312958745240147
0.890276177412141
0
82.3982638658464
-113.569920540789
-781.520678441753
1
-0.888379885888656
0.0899290765198952
-0.450215436812556
0
-0.0659718286521195
-0.995456342305675
-0.0686614039179256
0
-0.454344468625124
-0.0312958745240147
0.890276177412141
0
192.654698757501
65.6745860801011
-718.951313647966
1
-0.888379885888656
0.0899290765198952
-0.450215436812556
0
-0.0659718286521195
-0.995456342305675
-0.0686614039179256
0
-0.454344468625124
-0.0312958745240147
0.890276177412141
0
94.9329113097491
75.5667844972896
-768.475011697347
1
8
4
1326.60559082031
659.340637207031
1352.20654296875
377.842590332031
1599.03173828125
378.037780761719
1571.51342773438
671.928466796875
4
1300.80920410156
952.459594726563
1325.79418945313
676.549011230469
1569.04138183594
690.100830078125
1541.03625488281
977.485778808594
4
1503.91906738281
1599.90307617188
1508.25598144531
1877.7294921875
1273.67956542969
1850.298828125
1268.58410644531
1583.82360839844
4
1499.318359375
1301.53857421875
1503.68896484375
1582.07446289063
1268.10925292969
1566.36694335938
1263.49914550781
1297.814453125
4
2488.7841796875
1897.82287597656
2169.74780273438
1837.96704101563
2194.60913085938
1530.08605957031
2517.20361328125
1575.12548828125
4
2056.20263671875
1816.43249511719
1776.23522949219
1763.23791503906
1796.71337890625
1474.40844726563
2079.541015625
1513.87536621094
4
2557.46484375
1118.92456054688
2229.74438476563
1094.77294921875
2255.75122070313
775.21923828125
2585.92578125
784.966796875
4
2112.95043945313
1086.32360839844
1825.82238769531
1064.86840820313
1846.97277832031
764.924133300781
2137.32470703125
772.295654296875
2
MARKER_POINT_SETTINGS
MarkerID,14
SeenFromMarkerID,100
ActualMarkerID,14
ConfirmedImageNumber,10
BulkheadHeight,0
Confirmed,1
END_MARKER_POINT_SETTINGS
271.892672091969
-295.274959876171
3.61841050566877
271.854897242901
-296.274244029876
3.62046985800763
272.891952072028
-295.31272709178
3.62203802252254
221.636594119811
-433.475216692445
3.74348157468882
-0.0377748490679
-0.999284153704962
0.00205935233885426
0.999279980058938
-0.0377672156093514
0.00362751685376784
-0.00354714410547075
0.00219489846574696
0.999991300056866
-0.0377748490679
-0.999284153704962
0.00205935233885426
0
0.999279980058938
-0.0377672156093514
0.00362751685376784
0
-0.00354714410547075
0.00219489846574696
0.999991300056866
0
271.892672091969
-295.274959876171
3.61841050566877
1
0
0
0
0
MARKER_POINT_SETTINGS
MarkerID,70
SeenFromMarkerID,100
ActualMarkerID,70
ConfirmedImageNumber,10
BulkheadHeight,0
Confirmed,1
END_MARKER_POINT_SETTINGS
273.710517796861
51.5773973755732
-0.10315460735922
273.621024839409
52.5733847541242
-0.103544906759944
272.714532121964
51.4879038440467
-0.105010197659507
216.362148383196
186.988421454017
-0.241298086973478
-0.0894929574522204
0.99598737855097
-0.000390299400723866
-0.99598567489676
-0.0894935315264916
-0.00185559030028704
-0.00188307379057095
0.00022267034824942
0.999998202223892
-0.0894929574522204
0.99598737855097
-0.000390299400723866
0
-0.99598567489676
-0.0894935315264916
-0.00185559030028704
0
-0.00188307379057095
0.00022267034824942
0.999998202223892
0
273.710517796861
51.5773973755732
-0.10315460735922
1
0
0
0
0
0
0
0
0
